================================================================================
TOP 20 DIFFERENCES ANALYSIS
================================================================================


================================================================================
METRIC: INSTANTANEOUS
================================================================================
Even Split Strategy: Even Split (p=0.5) - Immediately

TOP 20 MOMENTS WHERE EVEN SPLIT OUTPERFORMS OTHERS:
--------------------------------------------------------------------------------
Rank   Time Index   Insertions      Even Value      Other Strategy                 Other Value     Difference     
--------------------------------------------------------------------------------
1      9441         755280          0.71567266      phased                         0.71284872      0.00282393     
2      9440         755200          0.71567796      phased                         0.71288615      0.00279181     
3      9442         755360          0.71565864      phased                         0.71288372      0.00277492     
4      9443         755440          0.71566917      phased                         0.71289465      0.00277452     
5      9438         755040          0.71560728      phased                         0.71284759      0.00275969     
6      9439         755120          0.71561827      phased                         0.71285896      0.00275931     
7      9444         755520          0.71568026      phased                         0.71292923      0.00275103     
8      9437         754960          0.71558115      phased                         0.71286060      0.00272055     
9      9484         758720          0.71602365      phased                         0.71330994      0.00271370     
10     9445         755600          0.71565802      phased                         0.71294764      0.00271038     
11     9475         758000          0.71599968      phased                         0.71329545      0.00270423     
12     9436         754880          0.71555377      phased                         0.71285067      0.00270310     
13     9417         753360          0.71538895      phased                         0.71270571      0.00268324     
14     9471         757680          0.71599009      phased                         0.71330713      0.00268296     
15     9472         757760          0.71599254      phased                         0.71330986      0.00268268     
16     9428         754240          0.71550831      phased                         0.71282728      0.00268104     
17     9434         754720          0.71552390      phased                         0.71284445      0.00267945     
18     9448         755840          0.71566627      phased                         0.71298866      0.00267761     
19     9414         753120          0.71534140      phased                         0.71266561      0.00267580     
20     9446         755680          0.71565296      phased                         0.71298310      0.00266987     


TOP 20 MOMENTS WHERE OTHER STRATEGIES OUTPERFORM EVEN SPLIT:
--------------------------------------------------------------------------------
Rank   Time Index   Insertions      Even Value      Other Strategy                 Other Value     Difference     
--------------------------------------------------------------------------------
1      14940        1195200         0.67255145      phased                         0.67480763      -0.00225618    
2      14942        1195360         0.67258277      phased                         0.67482522      -0.00224244    
3      14941        1195280         0.67256499      phased                         0.67480732      -0.00224233    
4      14939        1195120         0.67254270      phased                         0.67478086      -0.00223816    
5      14933        1194640         0.67246323      phased                         0.67470134      -0.00223811    
6      14925        1194000         0.67243489      phased                         0.67466861      -0.00223372    
7      14935        1194800         0.67249416      phased                         0.67472754      -0.00223338    
8      14926        1194080         0.67243922      phased                         0.67467227      -0.00223305    
9      14924        1193920         0.67243957      phased                         0.67466431      -0.00222474    
10     14930        1194400         0.67246435      phased                         0.67468873      -0.00222438    
11     14923        1193840         0.67242193      phased                         0.67464615      -0.00222422    
12     14927        1194160         0.67245665      phased                         0.67468077      -0.00222411    
13     14934        1194720         0.67247221      phased                         0.67469627      -0.00222407    
14     14943        1195440         0.67259165      phased                         0.67481568      -0.00222403    
15     14931        1194480         0.67247690      phased                         0.67469730      -0.00222039    
16     14938        1195040         0.67252469      phased                         0.67474484      -0.00222014    
17     14937        1194960         0.67252497      phased                         0.67474496      -0.00221999    
18     14932        1194560         0.67247249      phased                         0.67468822      -0.00221573    
19     14928        1194240         0.67247884      phased                         0.67468934      -0.00221050    
20     14936        1194880         0.67251218      phased                         0.67472266      -0.00221048    


================================================================================
METRIC: TIME_AVG
================================================================================
Even Split Strategy: Even Split (p=0.5) - Immediately

TOP 20 MOMENTS WHERE EVEN SPLIT OUTPERFORMS OTHERS:
--------------------------------------------------------------------------------
Rank   Time Index   Insertions      Even Value      Other Strategy                 Other Value     Difference     
--------------------------------------------------------------------------------
1      11373        909840          0.69640241      phased                         0.69581542      0.00058699     
2      11374        909920          0.69640283      phased                         0.69581585      0.00058699     
3      11372        909760          0.69640198      phased                         0.69581500      0.00058698     
4      11375        910000          0.69640325      phased                         0.69581627      0.00058698     
5      11371        909680          0.69640155      phased                         0.69581457      0.00058698     
6      11376        910080          0.69640366      phased                         0.69581668      0.00058697     
7      11370        909600          0.69640111      phased                         0.69581414      0.00058697     
8      11369        909520          0.69640067      phased                         0.69581371      0.00058696     
9      11377        910160          0.69640407      phased                         0.69581710      0.00058696     
10     11378        910240          0.69640447      phased                         0.69581752      0.00058696     
11     11368        909440          0.69640023      phased                         0.69581327      0.00058696     
12     11379        910320          0.69640489      phased                         0.69581793      0.00058695     
13     11367        909360          0.69639978      phased                         0.69581283      0.00058695     
14     11380        910400          0.69640530      phased                         0.69581835      0.00058695     
15     11366        909280          0.69639933      phased                         0.69581238      0.00058695     
16     11365        909200          0.69639888      phased                         0.69581193      0.00058695     
17     11381        910480          0.69640570      phased                         0.69581876      0.00058694     
18     11364        909120          0.69639843      phased                         0.69581148      0.00058694     
19     11382        910560          0.69640611      phased                         0.69581917      0.00058694     
20     11363        909040          0.69639797      phased                         0.69581103      0.00058694     


TOP 20 MOMENTS WHERE OTHER STRATEGIES OUTPERFORM EVEN SPLIT:
--------------------------------------------------------------------------------
Rank   Time Index   Insertions      Even Value      Other Strategy                 Other Value     Difference     
--------------------------------------------------------------------------------
1      33140        2651200         0.68721492      phased                         0.68745504      -0.00024011    
2      33141        2651280         0.68721514      phased                         0.68745525      -0.00024011    
3      33139        2651120         0.68721471      phased                         0.68745482      -0.00024011    
4      33138        2651040         0.68721449      phased                         0.68745460      -0.00024011    
5      33136        2650880         0.68721406      phased                         0.68745417      -0.00024011    
6      33137        2650960         0.68721427      phased                         0.68745439      -0.00024011    
7      33135        2650800         0.68721384      phased                         0.68745395      -0.00024011    
8      33134        2650720         0.68721363      phased                         0.68745374      -0.00024011    
9      33142        2651360         0.68721536      phased                         0.68745547      -0.00024011    
10     33133        2650640         0.68721341      phased                         0.68745352      -0.00024011    
11     33132        2650560         0.68721320      phased                         0.68745331      -0.00024011    
12     33143        2651440         0.68721558      phased                         0.68745569      -0.00024011    
13     33131        2650480         0.68721298      phased                         0.68745309      -0.00024011    
14     33144        2651520         0.68721580      phased                         0.68745591      -0.00024011    
15     33130        2650400         0.68721277      phased                         0.68745288      -0.00024011    
16     33145        2651600         0.68721602      phased                         0.68745613      -0.00024011    
17     33129        2650320         0.68721256      phased                         0.68745267      -0.00024011    
18     33146        2651680         0.68721624      phased                         0.68745634      -0.00024011    
19     33128        2650240         0.68721235      phased                         0.68745245      -0.00024011    
20     33147        2651760         0.68721646      phased                         0.68745656      -0.00024010    


================================================================================
METRIC: SLIDING_WINDOW
================================================================================
Even Split Strategy: Even Split (p=0.5) - Immediately

TOP 20 MOMENTS WHERE EVEN SPLIT OUTPERFORMS OTHERS:
--------------------------------------------------------------------------------
Rank   Time Index   Insertions      Even Value      Other Strategy                 Other Value     Difference     
--------------------------------------------------------------------------------
1      9448         755840          0.71554336      phased                         0.71286530      0.00267806     
2      9449         755920          0.71555159      phased                         0.71287407      0.00267752     
3      9446         755680          0.71552383      phased                         0.71284677      0.00267706     
4      9447         755760          0.71553345      phased                         0.71285670      0.00267675     
5      9450         756000          0.71556015      phased                         0.71288363      0.00267652     
6      9445         755600          0.71551283      phased                         0.71283691      0.00267591     
7      9451         756080          0.71556926      phased                         0.71289401      0.00267525     
8      9444         755520          0.71550183      phased                         0.71282751      0.00267431     
9      9452         756160          0.71557776      phased                         0.71290370      0.00267405     
10     9453         756240          0.71558530      phased                         0.71291363      0.00267167     
11     9443         755440          0.71549059      phased                         0.71281945      0.00267114     
12     9454         756320          0.71559091      phased                         0.71292314      0.00266778     
13     9442         755360          0.71547900      phased                         0.71281185      0.00266715     
14     9455         756400          0.71559571      phased                         0.71293241      0.00266331     
15     9441         755280          0.71546730      phased                         0.71280497      0.00266233     
16     9456         756480          0.71560085      phased                         0.71294105      0.00265979     
17     9440         755200          0.71545468      phased                         0.71279766      0.00265703     
18     9457         756560          0.71560645      phased                         0.71295058      0.00265588     
19     9439         755120          0.71544210      phased                         0.71279032      0.00265178     
20     9458         756640          0.71561210      phased                         0.71296096      0.00265114     


TOP 20 MOMENTS WHERE OTHER STRATEGIES OUTPERFORM EVEN SPLIT:
--------------------------------------------------------------------------------
Rank   Time Index   Insertions      Even Value      Other Strategy                 Other Value     Difference     
--------------------------------------------------------------------------------
1      14947        1195760         0.67249881      phased                         0.67470961      -0.00221080    
2      14946        1195680         0.67249129      phased                         0.67470208      -0.00221080    
3      14945        1195600         0.67248404      phased                         0.67469384      -0.00220980    
4      14948        1195840         0.67250665      phased                         0.67471628      -0.00220963    
5      14949        1195920         0.67251476      phased                         0.67472270      -0.00220794    
6      14944        1195520         0.67247721      phased                         0.67468506      -0.00220785    
7      14950        1196000         0.67252302      phased                         0.67472929      -0.00220628    
8      14951        1196080         0.67253153      phased                         0.67473620      -0.00220467    
9      14943        1195440         0.67247082      phased                         0.67467549      -0.00220467    
10     14952        1196160         0.67253988      phased                         0.67474337      -0.00220348    
11     14953        1196240         0.67254877      phased                         0.67475045      -0.00220168    
12     14942        1195360         0.67246471      phased                         0.67466578      -0.00220107    
13     14954        1196320         0.67255804      phased                         0.67475706      -0.00219902    
14     14941        1195280         0.67245859      phased                         0.67465665      -0.00219806    
15     14955        1196400         0.67256766      phased                         0.67476331      -0.00219565    
16     14940        1195200         0.67245273      phased                         0.67464722      -0.00219449    
17     14939        1195120         0.67244713      phased                         0.67463816      -0.00219104    
18     14956        1196480         0.67257823      phased                         0.67476884      -0.00219061    
19     14938        1195040         0.67244188      phased                         0.67462952      -0.00218763    
20     14957        1196560         0.67258850      phased                         0.67477468      -0.00218619    

